,nodeid1,nodeid2,label
0,39992,41456,0
1,138044,85481,0
2,35551,89514,0
3,130873,83040,0
4,87303,53017,0
5,113629,9800,0
6,16092,133160,0
7,133577,99175,0
8,131716,51046,0
9,132381,5113,0
10,134012,3006,0
11,77460,20907,0
12,145493,4061,0
13,67152,4303,0
14,116943,80006,0
15,133369,60422,0
16,85165,98058,0
17,145378,56668,0
18,126823,101684,0
19,71114,33332,0
20,1005,43737,0
21,91982,78546,0
22,35707,111732,0
23,128316,130173,0
24,45353,8318,0
25,51722,80370,0
26,17408,122489,0
27,129621,107957,0
28,1072,36228,0
29,127974,116744,0
30,39823,58043,0
31,43860,120165,0
32,87828,152770,0
33,14823,52316,0
34,107114,24907,0
35,100223,142653,0
36,73802,69389,0
37,86683,100199,0
38,127328,9618,0
39,25109,83475,0
40,105278,62446,0
41,82393,64706,0
42,90461,91880,0
43,33582,32301,0
44,41044,62987,0
45,111248,129523,0
46,124069,91193,0
47,89641,63149,0
48,60713,26438,0
49,43756,62828,0
50,8882,152632,0
51,114923,130477,0
52,50492,89527,0
53,5177,126584,0
54,27972,74957,0
55,17678,133163,0
56,98681,79233,0
57,975,74347,0
58,85133,46810,0
59,74569,99557,0
60,78537,109955,0
61,75271,120443,0
62,26057,6571,0
63,139137,4035,0
64,113530,31048,0
65,104705,74626,0
66,115067,147021,0
67,115210,28208,0
68,70392,28236,0
69,128237,12632,0
70,66618,77285,0
71,26258,130919,0
72,7290,150448,0
73,148577,35414,0
74,135358,17192,0
75,72229,65201,0
76,5733,143917,0
77,44679,20648,0
78,26130,110879,0
79,151603,67172,0
80,43885,70267,0
81,61442,124346,0
82,121560,71054,0
83,111198,79132,0
84,136570,143617,0
85,9531,88699,0
86,147101,57157,0
87,146434,87230,0
88,96345,123062,0
89,33375,66711,0
90,41006,80679,0
91,144174,10245,0
92,8377,42342,0
93,76794,106426,0
94,16932,24178,0
95,155085,15779,0
96,112521,95669,0
97,30707,55433,0
98,70185,45610,0
99,134726,76592,0
100,72023,98200,0
101,1870,65981,0
102,33593,103180,0
103,51183,96622,0
104,107828,68930,0
105,97816,141421,0
106,115031,93695,0
107,133688,45003,0
108,91457,129871,0
109,85762,71700,0
110,110734,114763,0
111,20007,28010,0
112,68548,128816,0
113,98429,78485,0
114,29546,16096,0
115,106347,4375,0
116,5362,24963,0
117,107847,96370,0
118,90425,60030,0
119,75780,96889,0
120,99191,45810,0
121,20277,145167,0
122,35366,89894,0
123,126006,92132,0
124,95313,75085,0
125,64228,87307,0
126,10370,42846,0
127,74615,36619,0
128,24051,106476,0
129,17221,4577,0
130,74452,82699,0
131,17243,109701,0
132,109781,58038,0
133,110923,6769,0
134,111772,103476,0
135,93791,106332,0
136,10515,121858,0
137,16459,58569,0
138,32117,81898,0
139,69937,72458,0
140,40112,99992,0
141,6938,111878,0
142,11341,154493,0
143,96738,85211,0
144,154360,110617,0
145,5187,42839,0
146,119046,51476,0
147,120246,122176,0
148,39108,150235,0
149,28814,9062,0
150,146771,42847,0
151,8766,115631,0
152,134187,82404,0
153,141766,93718,0
154,103818,54311,0
155,23818,40701,0
156,14834,23156,0
157,98949,8755,0
158,52166,133554,0
159,82256,76878,0
160,68058,126009,0
161,6429,31309,0
162,108869,125198,0
163,154961,128602,0
164,110085,117854,0
165,135092,104249,0
166,63298,149306,0
167,135050,40921,0
168,14274,31423,0
169,3153,77803,0
170,83238,73317,0
171,118067,107221,0
172,33100,82716,0
173,12195,73709,0
174,59100,45503,0
175,9721,67290,0
176,30698,104663,0
177,81275,1234,0
178,119073,48624,0
179,72095,132029,0
180,6402,59794,0
181,35140,31082,0
182,128256,31576,0
183,86419,86837,0
184,38319,136716,0
185,74229,29276,0
186,105717,106791,0
187,114911,40274,0
188,108056,13998,0
189,125424,55822,0
190,154302,152965,0
191,23392,108678,0
192,24623,117170,0
193,56272,101388,0
194,143708,28983,0
195,19185,41917,0
196,88041,68334,0
197,141972,19027,0
198,48085,102312,0
199,107097,17015,0
200,53394,88449,0
201,11627,6621,0
202,30004,32749,0
203,93220,44428,0
204,137342,142414,0
205,19480,42341,0
206,46405,148468,0
207,56170,101080,0
208,64073,75859,0
209,54121,61689,0
210,151856,113687,0
211,57158,122043,0
212,100145,153622,0
213,819,87508,0
214,60661,61755,0
215,131562,154933,0
216,144305,40101,0
217,56242,19724,0
218,75427,94835,0
219,64480,25913,0
220,116731,65939,0
221,87752,74336,0
222,71074,49232,0
223,22353,77860,0
224,2489,117814,0
225,21446,81206,0
226,120258,153102,0
227,83908,19538,0
228,29848,122576,0
229,104108,51478,0
230,115396,139939,0
231,76049,99856,0
232,28453,134052,0
233,23846,71985,0
234,70248,83142,0
235,38931,106588,0
236,142359,43842,0
237,117635,40906,0
238,108865,4616,0
239,5908,9137,0
240,54915,154711,0
241,103228,44955,0
242,69325,22053,0
243,52790,98976,0
244,26641,95186,0
245,116217,61952,0
246,68174,98663,0
247,107346,129009,0
248,77451,94860,0
249,131216,29650,0
250,72788,124689,0
251,102241,114791,0
252,127013,57486,0
253,66509,85774,0
254,136787,64483,0
255,131296,66044,0
256,118509,133751,0
257,70270,92152,0
258,35976,30912,0
259,118860,45523,0
260,3070,139350,0
261,127930,14426,0
262,91146,103466,0
263,113727,115085,0
264,124665,2842,0
265,51311,19074,0
266,122792,14545,0
267,46986,111498,0
268,22301,38845,0
269,48368,136324,0
270,4393,134240,0
271,108562,6024,0
272,86137,1164,0
273,20522,46307,0
274,84710,89146,0
275,131986,14382,0
276,120683,94007,0
277,39107,135905,0
278,72503,39605,0
279,9963,72191,0
280,73097,81818,0
281,44573,95088,0
282,71284,45408,0
283,89145,104763,0
284,32335,36379,0
285,108950,103258,0
286,60929,149863,0
287,25890,60400,0
288,80722,18485,0
289,50477,149999,0
290,109267,39169,0
291,95570,69161,0
292,121000,33924,0
293,82314,91957,0
294,115801,94286,0
295,60473,23629,0
296,47089,134178,0
297,9142,128619,0
298,124230,76313,0
299,114866,110079,0
300,8775,115714,0
301,90650,94577,0
302,125076,144678,0
303,2076,68384,0
304,133295,135504,0
305,121262,134266,0
306,76576,73253,0
307,69767,45083,0
308,77665,19424,0
309,58667,46234,0
310,77126,112349,0
311,64637,23202,0
312,68123,146475,0
313,129694,22011,0
314,137286,6899,0
315,147282,88011,0
316,135050,102380,0
317,16454,11388,0
318,97114,121314,0
319,143183,120238,0
320,33919,31961,0
321,19971,125358,0
322,5573,3606,0
323,92275,123508,0
324,21889,50707,0
325,87266,30951,0
326,17467,131568,0
327,35890,128349,0
328,115119,102812,0
329,40033,141903,0
330,37226,130534,0
331,110752,149753,0
332,12988,30851,0
333,114007,100094,0
334,21495,104094,0
335,42926,60459,0
336,121781,120404,0
337,103022,152937,0
338,1614,78880,0
339,66359,93790,0
340,152693,151770,0
341,128990,50759,0
342,619,82719,0
343,84865,72828,0
344,9134,87732,0
345,131066,146116,0
346,97468,46684,0
347,78000,148215,0
348,63705,56484,0
349,52818,57205,0
350,137507,35276,0
351,53900,58409,0
352,50126,144104,0
353,33919,96113,0
354,28184,138952,0
355,40661,42729,0
356,147285,52677,0
357,85886,140520,0
358,71070,82055,0
359,103684,87348,0
360,75708,114944,0
361,94630,148355,0
362,81107,154699,0
363,110363,7442,0
364,132632,28888,0
365,145717,134622,0
366,18440,84944,0
367,86999,55857,0
368,24577,66752,0
369,38898,2624,0
370,13011,116099,0
371,153656,66767,0
372,108360,42603,0
373,16686,138719,0
374,27256,33363,0
375,117659,54733,0
376,97080,46157,0
377,109869,50446,0
378,102354,138325,0
379,131266,16149,0
380,55334,21400,0
381,75840,42307,0
382,63253,125719,0
383,95058,154687,0
384,27130,107124,0
385,43624,44597,0
386,80903,147594,0
387,146480,79824,0
388,65556,14749,0
389,111246,24900,0
390,22179,151078,0
391,137124,90426,0
392,25694,77569,0
393,146839,38636,0
394,120608,31397,0
395,91164,121129,0
396,151445,142536,0
397,131782,67392,0
398,148654,31475,0
399,73811,39970,0
400,144911,122339,0
401,3928,139556,0
402,76941,131840,0
403,75968,75078,0
404,98857,128425,0
405,2959,47271,0
406,44867,145117,0
407,142158,39661,0
408,47510,69650,0
409,20667,152628,0
410,114579,104509,0
411,131498,147358,0
412,9816,155134,0
413,47312,99538,0
414,24069,80481,0
415,114748,70785,0
416,107243,4293,0
417,30154,91750,0
418,122762,101872,0
419,10275,106877,0
420,100066,23246,0
421,31772,110660,0
422,14728,79100,0
423,92315,63362,0
424,92547,23219,0
425,118644,136415,0
426,121439,110540,0
427,109524,103707,0
428,23573,95996,0
429,79064,55246,0
430,40569,98311,0
431,110929,31913,0
432,76925,65659,0
433,137547,66223,0
434,36334,20142,0
435,25717,109224,0
436,38421,143039,0
437,7991,106708,0
438,20845,47380,0
439,42274,27608,0
440,125080,43216,0
441,90629,137845,0
442,119582,81908,0
443,58664,114484,0
444,38796,23640,0
445,111397,55806,0
446,93872,52518,0
447,102901,124066,0
448,70885,38705,0
449,75292,41601,0
450,86023,153502,0
451,146439,56039,0
452,100149,93507,0
453,33819,102992,0
454,364,29215,0
455,55147,82787,0
456,106586,65129,0
457,7852,98117,0
458,60080,18153,0
459,132626,141155,0
460,33363,40568,0
461,51979,145640,0
462,112235,49457,0
463,152056,26627,0
464,102789,138080,0
465,26177,73462,0
466,144737,91819,0
467,147638,144176,0
468,138276,137993,0
469,117888,19369,0
470,110698,12477,0
471,26923,110119,0
472,142185,112089,0
473,27140,96197,0
474,2614,27563,0
475,27248,100858,0
476,26810,152742,0
477,17648,132329,0
478,47619,15019,0
479,118292,44379,0
480,152438,104318,0
481,26957,17154,0
482,85326,50790,0
483,67673,56681,0
484,132236,122516,0
485,58312,137856,0
486,63668,67535,0
487,86878,47093,0
488,47947,114843,0
489,162,110592,0
490,65034,132013,0
491,99592,16291,0
492,56088,154780,0
493,77442,90677,0
494,25096,52213,0
495,48667,52804,0
496,130185,130845,0
497,110798,60432,0
498,36515,50513,0
499,88086,11279,0
500,36434,133775,0
501,150107,87505,0
502,110767,43123,0
503,30903,128732,0
504,89336,65780,0
505,121930,140285,0
506,99850,108174,0
507,63054,30176,0
508,140733,11985,0
509,58782,149270,0
510,59274,52924,0
511,103525,20779,0
512,98116,57583,0
513,49225,116148,0
514,131042,100500,0
515,100353,86842,0
516,2109,18191,0
517,141765,38773,0
518,89515,51810,0
519,70058,133288,0
520,142479,111505,0
521,29160,81295,0
522,25100,78948,0
523,51313,63637,0
524,135143,6408,0
525,28074,67733,0
526,30372,116881,0
527,12380,93847,0
528,55222,149375,0
529,49694,6028,0
530,100032,109138,0
531,114175,77467,0
532,39544,137171,0
533,145759,46076,0
534,35052,150849,0
535,76455,27544,0
536,70923,2028,0
537,83353,150965,0
538,111783,22080,0
539,5168,16302,0
540,5462,19479,0
541,15148,141835,0
542,85641,35160,0
543,52173,89082,0
544,148707,146161,0
545,52080,9578,0
546,117324,76311,0
547,125152,61792,0
548,99074,22382,0
549,55441,142044,0
550,88216,47548,0
551,44444,68788,0
552,59736,123950,0
553,105512,87549,0
554,36255,115721,0
555,30174,73780,0
556,78379,122019,0
557,120254,121918,0
558,6631,22225,0
559,120899,96861,0
560,46346,26417,0
561,72931,28015,0
562,82905,76843,0
563,97887,119383,0
564,38018,125341,0
565,34173,64821,0
566,147673,20050,0
567,102511,51483,0
568,23033,15620,0
569,144174,141071,0
570,69240,56312,0
571,6032,105062,0
572,80221,126173,0
573,68221,132995,0
574,31686,139442,0
575,43943,12977,0
576,52411,21381,0
577,35348,152853,0
578,99172,75113,0
579,5565,47969,0
580,121769,33431,0
581,54308,2447,0
582,137518,100319,0
583,43078,100722,0
584,100991,76027,0
585,129999,109326,0
586,141531,76928,0
587,62237,141371,0
588,129332,80801,0
589,149181,95187,0
590,115114,52178,0
591,34216,43079,0
592,10782,25902,0
593,37808,58351,0
594,102017,28561,0
595,101201,65934,0
596,71407,97419,0
597,137198,13091,0
598,116840,17191,0
599,22263,33465,0
600,150994,101439,0
601,81059,130458,0
602,34961,42389,0
603,10925,104644,0
604,10561,13461,0
605,6246,115800,0
606,107444,5283,0
607,12703,133842,0
608,142847,93993,0
609,95494,139250,0
610,70713,73813,0
611,109590,35250,0
612,66695,19404,0
613,34699,83775,0
614,50751,115233,0
615,57159,109267,0
616,78533,105768,0
617,53709,69238,0
618,97736,56797,0
619,22473,129482,0
620,8532,35337,0
621,96667,24516,0
622,40480,29896,0
623,28910,139067,0
624,104349,68407,0
625,120264,6585,0
626,153122,28171,0
627,142685,83410,0
628,96451,78138,0
629,127165,96073,0
630,70780,108625,0
631,66050,76266,0
632,65463,131398,0
633,92030,11453,0
634,84157,1334,0
635,75862,114616,0
636,27155,77252,0
637,74348,3659,0
638,67667,148098,0
639,20808,11910,0
640,82154,82502,0
641,154388,19027,0
642,62615,78642,0
643,117792,125806,0
644,139783,130270,0
645,29371,97894,0
646,129439,148582,0
647,42246,121070,0
648,87036,131149,0
649,128422,88009,0
650,82071,59586,0
651,82088,104100,0
652,43348,61467,0
653,73162,19466,0
654,145615,112818,0
655,113053,60109,0
656,37245,28458,0
657,67925,29073,0
658,124684,38814,0
659,62199,148644,0
660,3190,147242,0
661,104409,31658,0
662,67129,33184,0
663,63456,87213,0
664,152683,37019,0
665,10262,27159,0
666,42550,138830,0
667,25992,9647,0
668,29063,119117,0
669,41865,150219,0
670,23221,116349,0
671,29758,151410,0
672,45794,114117,0
673,59098,105071,0
674,35134,53953,0
675,75946,105523,0
676,113335,19597,0
677,76704,104113,0
678,29036,140186,0
679,65073,103770,0
680,110434,52808,0
681,79819,82840,0
682,119368,147078,0
683,41251,141051,0
684,7420,51617,0
685,79384,55190,0
686,91711,11216,0
687,100048,63193,0
688,1966,145793,0
689,122724,59007,0
690,26577,51195,0
691,6734,8508,0
692,117563,57232,0
693,62103,90871,0
694,111353,114036,0
695,42956,52548,0
696,103930,63189,0
697,8002,45768,0
698,28198,74255,0
699,154448,81475,0
700,5393,73822,0
701,112064,25628,0
702,55219,21847,0
703,105915,36527,0
704,50163,30742,0
705,115809,135307,0
706,1407,98019,0
707,31647,49660,0
708,109794,152700,0
709,37121,100428,0
710,55456,149408,0
711,18713,150572,0
712,74670,37285,0
713,15485,153406,0
714,14145,62479,0
715,6666,60738,0
716,127241,146011,0
717,150791,135149,0
718,123950,107072,0
719,129010,80793,0
720,88804,123678,0
721,102490,56534,0
722,100320,39631,0
723,2434,92459,0
724,19771,148664,0
725,92347,52025,0
726,7636,25187,0
727,41950,31859,0
728,46270,75428,0
729,114961,83808,0
730,27530,41310,0
731,73029,79747,0
732,8334,136284,0
733,145801,29065,0
734,133357,93730,0
735,127935,151550,0
736,142765,129969,0
737,63054,127695,0
738,150857,84473,0
739,47581,39665,0
740,11295,12561,0
741,144576,145109,0
742,38280,70864,0
743,108282,142804,0
744,114983,12204,0
745,10785,109863,0
746,21145,102138,0
747,118057,12627,0
748,67375,16363,0
749,138380,139703,0
750,43824,152073,0
751,106966,43818,0
752,35516,88920,0
753,93940,61461,0
754,80326,3019,0
755,3351,54201,0
756,82445,126968,0
757,42299,8607,0
758,20865,144577,0
759,131428,153650,0
760,90130,25284,0
761,48715,61421,0
762,132716,18336,0
763,12712,141082,0
764,33484,100643,0
765,58920,111973,0
766,85481,95002,0
767,86597,54790,0
768,144980,104148,0
769,139548,51012,0
770,119054,93268,0
771,5781,133787,0
772,143176,28084,0
773,55943,40970,0
774,20348,58044,0
775,60805,128555,0
776,5827,49189,0
777,52283,22924,0
778,112673,117674,0
779,92193,68374,0
780,18088,8892,0
781,35343,92289,0
782,137502,72580,0
783,154048,21306,0
784,110885,56299,0
785,72008,51526,0
786,8221,15105,0
787,132261,84366,0
788,95441,84785,0
789,150589,131713,0
790,2038,132334,0
791,111855,5828,0
792,101951,27745,0
793,145621,121150,0
794,153523,127358,0
795,81657,118806,0
796,6058,50738,0
797,20236,139423,0
798,121604,68557,0
799,134959,118090,0
800,135934,127221,0
801,153589,93150,0
802,18343,47782,0
803,153708,50765,0
804,120745,24064,0
805,14684,16420,0
806,60696,139109,0
807,140786,21597,0
808,29295,41174,0
809,129879,78810,0
810,16864,10004,0
811,77530,39290,0
812,12339,132570,0
813,131414,13110,0
814,78663,58154,0
815,52430,145709,0
816,79429,16127,0
817,12526,114894,0
818,71298,109168,0
819,139312,12777,0
820,20262,114142,0
821,66154,47188,0
822,30875,114232,0
823,125665,49925,0
824,133816,41537,0
825,57966,66966,0
826,84830,94736,0
827,112233,9100,0
828,25479,95492,0
829,51679,35746,0
830,102643,76825,0
831,21664,79240,0
832,141218,107920,0
833,73892,18942,0
834,21696,108617,0
835,102829,39610,0
836,70274,7858,0
837,82866,2352,0
838,127966,71371,0
839,50804,20029,0
840,7889,6132,0
841,107730,108129,0
842,55199,111539,0
843,144244,1552,0
844,153027,133904,0
845,138112,134600,0
846,85181,137884,0
847,21627,41478,0
848,32066,17576,0
849,19202,136800,0
850,100413,41481,0
851,5984,117981,0
852,22444,107575,0
853,41394,106910,0
854,33356,49747,0
855,75686,142869,0
856,22033,80774,0
857,98667,149777,0
858,150600,127569,0
859,143404,99003,0
860,101736,30922,0
861,90066,45729,0
862,76123,123606,0
863,141690,129392,0
864,99476,55260,0
865,58806,128721,0
866,141562,65989,0
867,149954,125448,0
868,29576,81408,0
869,14604,45698,0
870,104361,65757,0
871,30835,38566,0
872,22693,27936,0
873,124110,73429,0
874,45462,42619,0
875,145821,129720,0
876,90490,62119,0
877,135695,142903,0
878,61748,6912,0
879,17513,132625,0
880,120232,84261,0
881,114158,47757,0
882,126012,119989,0
883,142387,36798,0
884,134078,130564,0
885,134674,78332,0
886,48852,35018,0
887,124031,10475,0
888,3760,129089,0
889,34988,80232,0
890,19834,109140,0
891,103171,123280,0
892,140752,83561,0
893,137240,119708,0
894,143242,11760,0
895,106498,98602,0
896,29421,108024,0
897,102693,129205,0
898,10268,151980,0
899,65009,149115,0
900,67905,134906,0
901,148089,94592,0
902,18999,151372,0
903,122867,22045,0
904,115191,17558,0
905,50249,36034,0
906,84242,42958,0
907,7099,5650,0
908,150430,1819,0
909,14646,55547,0
910,102170,25599,0
911,29801,154866,0
912,66339,50002,0
913,115988,101929,0
914,76542,130906,0
915,38810,54979,0
916,110035,151260,0
917,35988,5647,0
918,19836,12524,0
919,114852,50955,0
920,136068,98406,0
921,18543,128262,0
922,37717,123491,0
923,1474,123937,0
924,144778,14480,0
925,131278,51152,0
926,27947,104121,0
927,72074,48095,0
928,27262,941,0
929,129062,123691,0
930,121222,49305,0
931,19085,27083,0
932,56622,148371,0
933,92703,105968,0
934,129800,62887,0
935,689,59666,0
936,145787,4847,0
937,30086,121042,0
938,18976,16382,0
939,142796,30414,0
940,143727,87247,0
941,17183,150981,0
942,61246,103845,0
943,143120,9397,0
944,110933,27845,0
945,3902,141578,0
946,118237,13861,0
947,133594,95795,0
948,93876,104817,0
949,89155,78246,0
950,112146,118863,0
951,16941,70061,0
952,48669,140799,0
953,152479,10463,0
954,12882,2191,0
955,22178,39422,0
956,7526,154533,0
957,65783,93274,0
958,31600,24909,0
959,112916,7545,0
960,41807,36565,0
961,131943,148151,0
962,83414,71945,0
963,12292,107384,0
964,143301,45277,0
965,85148,44174,0
966,6792,137826,0
967,16357,110737,0
968,128392,78436,0
969,122315,149857,0
970,20703,93383,0
971,140510,130283,0
972,75897,144062,0
973,94532,71354,0
974,113190,108960,0
975,99973,55330,0
976,48008,127327,0
977,134291,102918,0
978,124276,29707,0
979,132241,81196,0
980,47260,22763,0
981,135671,17396,0
982,59825,98814,0
983,99841,70213,0
984,153195,88209,0
985,108707,110847,0
986,59946,154264,0
987,112323,148198,0
988,145811,51125,0
989,26849,31502,0
990,145873,36094,0
991,74828,80560,0
992,105784,92717,0
993,107955,83995,0
994,70174,146372,0
995,23855,69912,0
996,55885,128241,0
997,82875,89528,0
998,45232,61980,0
999,154569,138825,0
1000,111455,154923,0
1001,69977,96015,0
1002,95794,87060,0
1003,15936,119508,0
1004,117253,13851,0
1005,122095,27283,0
1006,118699,62364,0
1007,53060,19331,0
1008,155176,15724,0
1009,139696,29699,0
1010,83446,98440,0
1011,26831,19991,0
1012,150570,35130,0
1013,32048,8685,0
1014,109011,20407,0
1015,60069,142750,0
1016,18068,62192,0
1017,117132,94237,0
1018,74962,150411,0
1019,38497,103444,0
1020,59866,77316,0
1021,62376,105332,0
1022,8668,25991,0
1023,9293,98364,0
1024,90734,53524,0
1025,127466,132976,0
1026,135370,46567,0
1027,71311,55817,0
1028,105511,10747,0
1029,70352,74984,0
1030,33495,10242,0
1031,7187,26109,0
1032,2977,57839,0
1033,142546,16825,0
1034,63631,94868,0
1035,109094,143406,0
1036,68584,88780,0
1037,71655,41692,0
1038,50881,150674,0
1039,39845,81731,0
1040,38728,77623,0
1041,82559,139637,0
1042,37306,115269,0
1043,13647,121144,0
1044,2715,148112,0
1045,63898,35759,0
1046,45349,70573,0
1047,92590,22648,0
1048,139936,33987,0
1049,122322,147988,0
1050,71639,61313,0
1051,59225,37670,0
1052,56180,93205,0
1053,3533,133290,0
1054,56143,70184,0
1055,72698,100897,0
1056,37705,127796,0
1057,141942,151611,0
1058,32018,1717,0
1059,137587,130822,0
1060,86741,25421,0
1061,70057,103371,0
1062,7638,65916,0
1063,149699,117633,0
1064,87808,21595,0
1065,75683,10070,0
1066,16577,77344,0
1067,100117,24811,0
1068,142719,152356,0
1069,44810,34101,0
1070,11594,127104,0
1071,150202,61644,0
1072,8856,155164,0
1073,122849,59291,0
1074,93771,80423,0
1075,25256,70915,0
1076,23350,24880,0
1077,42507,151969,0
1078,7699,121745,0
1079,21558,56132,0
1080,35637,92138,0
1081,131005,17187,0
1082,130812,72443,0
1083,106602,142987,0
1084,97578,54744,0
1085,75334,29993,0
1086,86650,127459,0
1087,117637,64843,0
1088,23411,133563,0
1089,91203,89098,0
1090,63904,15864,0
1091,120324,66529,0
1092,106237,25289,0
1093,136631,90308,0
1094,109121,65140,0
1095,6932,115993,0
1096,42726,110517,0
1097,111415,73767,0
1098,46108,31466,0
1099,106466,130346,0
1100,3962,44829,0
1101,108127,135287,0
1102,76448,77275,0
1103,151777,64767,0
1104,15842,42669,0
1105,33540,107700,0
1106,73868,83530,0
1107,89438,93333,0
1108,119221,97545,0
1109,117268,84792,0
1110,142555,67917,0
1111,107766,23716,0
1112,82286,133570,0
1113,46855,61539,0
1114,9276,33234,0
1115,96267,24999,0
1116,99008,13141,0
1117,64400,112886,0
1118,70430,78198,0
1119,36151,40466,0
1120,112525,83501,0
1121,105145,125380,0
1122,115990,49029,0
1123,96690,27612,0
1124,132973,100638,0
1125,98725,9484,0
1126,80914,81637,0
1127,57762,143273,0
1128,12239,74499,0
1129,54799,38510,0
1130,43869,9693,0
1131,95586,29865,0
1132,119866,49669,0
1133,57043,104307,0
1134,114765,150054,0
1135,59513,87770,0
1136,116019,144631,0
1137,41346,83836,0
1138,65588,104249,0
1139,71075,60006,0
1140,137364,85462,0
1141,13077,98190,0
1142,105925,124328,0
1143,119461,65008,0
1144,48171,37494,0
1145,144644,9547,0
1146,290,48148,0
1147,19370,63692,0
1148,127439,21328,0
1149,143985,99077,0
1150,64786,86247,0
1151,95209,82200,0
1152,103970,93963,0
1153,100398,103824,0
1154,107472,154674,0
1155,54966,119098,0
1156,104864,68172,0
1157,102592,49375,0
1158,71725,60209,0
1159,150858,58682,0
1160,22635,70623,0
1161,148379,49,0
1162,37903,113828,0
1163,120898,141389,0
1164,83060,87811,0
1165,1534,149736,0
1166,55869,95101,0
1167,10054,52257,0
1168,100129,49140,0
1169,134007,54236,0
1170,84281,13703,0
1171,41489,140162,0
1172,89540,6004,0
1173,14160,140488,0
1174,124688,58993,0
1175,34534,126628,0
1176,52126,13727,0
1177,68756,100211,0
1178,52266,98591,0
1179,37601,150623,0
1180,113942,79378,0
1181,21497,94611,0
1182,17122,97185,0
1183,119477,149912,0
1184,24644,48983,0
1185,28362,7811,0
1186,79626,78478,0
1187,38386,30271,0
1188,27655,50534,0
1189,120568,144972,0
1190,103153,100548,0
1191,52109,121081,0
1192,31713,18578,0
1193,82824,97896,0
1194,45069,17051,0
1195,27817,128198,0
1196,58997,15201,0
1197,123534,35691,0
1198,11045,99365,0
1199,92161,68393,0
1200,122293,145910,0
1201,82155,10946,0
1202,125319,119409,0
1203,53363,79947,0
1204,11448,123392,0
1205,11732,2997,0
1206,140248,112198,0
1207,11480,46034,0
1208,141531,28911,0
1209,79978,32341,0
1210,124419,55660,0
1211,47713,29017,0
1212,106752,76612,0
1213,60447,3218,0
1214,94295,33424,0
1215,8333,41929,0
1216,49998,138998,0
1217,70053,7211,0
1218,24723,113040,0
1219,86045,121455,0
1220,40804,2985,0
1221,126851,118862,0
1222,119051,29397,0
1223,4542,134507,0
1224,92139,89867,0
1225,65767,83317,0
1226,34900,127952,0
1227,113395,108285,0
1228,120365,122961,0
1229,133379,4464,0
1230,88246,83784,0
1231,127225,99496,0
1232,46853,126125,0
1233,93626,143432,0
1234,118530,76248,0
1235,57897,64275,0
1236,122958,58470,0
1237,29168,42389,0
1238,135413,91141,0
1239,69197,145448,0
1240,80454,9181,0
1241,82146,13759,0
1242,66,19797,0
1243,128131,35999,0
1244,34690,81675,0
1245,15998,150390,0
1246,49577,111610,0
1247,82493,142453,0
1248,39150,85210,0
1249,47347,95710,0
1250,74733,103762,0
1251,73571,12955,0
1252,100973,107812,0
1253,57121,94725,0
1254,63196,104125,0
1255,63912,84517,0
1256,43058,1181,0
1257,36577,139463,0
1258,98204,40550,0
1259,4142,1048,0
1260,112115,34269,0
1261,22491,111726,0
1262,66105,50010,0
1263,20119,151046,0
1264,96783,82076,0
1265,48565,66207,0
1266,109732,92829,0
1267,834,44976,0
1268,109830,144881,0
1269,151878,57790,0
1270,79381,71880,0
1271,133049,62206,0
1272,48126,99210,0
1273,76941,41858,0
1274,45647,136376,0
1275,82178,108983,0
1276,53749,109484,0
1277,6075,98771,0
1278,139145,17309,0
1279,57964,68723,0
1280,10274,34413,0
1281,117310,118256,0
1282,145811,95499,0
1283,101462,146779,0
1284,26954,150603,0
1285,74092,128659,0
1286,9499,43622,0
1287,4016,136982,0
1288,123151,144617,0
1289,78533,73254,0
1290,133344,89716,0
1291,3193,118766,0
1292,30608,66355,0
1293,81410,44105,0
1294,54857,145913,0
1295,62291,119798,0
1296,47916,3472,0
1297,47909,109551,0
1298,44947,115029,0
1299,23217,19770,0
1300,112002,77438,0
1301,132378,106668,0
1302,14133,73465,0
1303,151508,103089,0
1304,138160,2162,0
1305,71252,57157,0
1306,20802,118052,0
1307,37225,147599,0
1308,51877,61187,0
1309,6469,101097,0
1310,150746,38363,0
1311,89613,100712,0
1312,26793,32790,0
1313,96994,133044,0
1314,119557,49575,0
1315,5933,31592,0
1316,131016,26902,0
1317,126400,111994,0
1318,101251,71559,0
1319,74794,125771,0
1320,146995,147617,0
1321,24949,86749,0
1322,119952,59492,0
1323,139020,83926,0
1324,80177,32135,0
1325,32264,15642,0
1326,37405,71085,0
1327,101596,38671,0
1328,71772,109606,0
1329,70804,56636,0
1330,149695,339,0
1331,120588,35436,0
1332,30129,30413,0
1333,136958,130977,0
1334,77533,145046,0
1335,37541,137569,0
1336,95468,82857,0
1337,93446,46355,0
1338,8514,91130,0
1339,70442,140365,0
1340,55914,26424,0
1341,4197,57954,0
1342,146359,7908,0
1343,112198,38786,0
1344,63699,120249,0
1345,49998,144520,0
1346,76877,18977,0
1347,105911,128320,0
1348,34761,62325,0
1349,12235,122453,0
1350,76204,93924,0
1351,15527,105840,0
1352,68761,42510,0
1353,146050,105071,0
1354,17358,95760,0
1355,129530,2815,0
1356,134596,32462,0
1357,50510,68623,0
1358,127975,25488,0
1359,108742,5106,0
1360,124335,50103,0
1361,104712,134895,0
1362,29793,53303,0
1363,14305,99558,0
1364,83342,74492,0
1365,42076,1408,0
1366,146292,20887,0
1367,87654,59999,0
1368,22105,24215,0
1369,92783,19372,0
1370,109944,133265,0
1371,133430,46829,0
1372,120123,151074,0
1373,102660,71179,0
1374,21078,42083,0
1375,64641,28274,0
1376,28945,29424,0
1377,40480,148531,0
1378,109765,15396,0
1379,140730,63744,0
1380,64006,37041,0
1381,84025,57825,0
1382,36145,109561,0
1383,26755,101083,0
1384,36208,21861,0
1385,103316,94147,0
1386,107525,64017,0
1387,86220,27095,0
1388,71309,77472,0
1389,109962,94293,0
1390,926,149326,0
1391,124830,34630,0
1392,132275,28616,0
1393,103104,39943,0
1394,75999,76573,0
1395,60291,551,0
1396,96780,29720,0
1397,143116,66767,0
1398,104003,107603,0
1399,148559,50505,0
1400,81522,41452,0
1401,75891,127568,0
1402,6552,106052,0
1403,65559,96878,0
1404,112217,85482,0
1405,32281,109890,0
1406,83932,51524,0
1407,152060,19469,0
1408,57791,142089,0
1409,94321,53259,0
1410,152620,84746,0
1411,73063,79838,0
1412,110150,116953,0
1413,27958,95424,0
1414,33639,126252,0
1415,95622,147328,0
1416,46768,20535,0
1417,140099,77045,0
1418,37848,44223,0
1419,22132,45436,0
1420,131571,109983,0
1421,44574,16846,0
1422,10183,238,0
1423,21805,88585,0
1424,64541,111401,0
1425,144518,114002,0
1426,30834,99517,0
1427,8161,129151,0
1428,124134,721,0
1429,83613,26857,0
1430,105761,15209,0
1431,147918,65762,0
1432,112138,150429,0
1433,54985,134463,0
1434,21232,129994,0
1435,28580,7534,0
1436,143726,55488,0
1437,36758,78864,0
1438,105204,60377,0
1439,125713,133579,0
1440,153460,90152,0
1441,20740,25057,0
1442,111241,114255,0
1443,1355,83787,0
1444,21310,68867,0
1445,17569,133165,0
1446,150274,81405,0
1447,135803,141533,0
1448,3614,51687,0
1449,105717,144361,0
1450,139006,146030,0
1451,143470,81121,0
1452,101771,28394,0
1453,52653,119471,0
1454,57137,90318,0
1455,148370,22707,0
1456,55705,137054,0
1457,30560,28088,0
1458,49746,137803,0
1459,7601,52990,0
1460,37858,127040,0
1461,7439,120504,0
1462,320,125118,0
1463,535,134755,0
1464,114775,25947,0
1465,46654,52477,0
1466,21256,84381,0
1467,18768,149825,0
1468,79817,58679,0
1469,115512,57562,0
1470,6051,23480,0
1471,29554,47420,0
1472,34729,83955,0
1473,125726,79114,0
1474,34359,124678,0
1475,77205,24007,0
1476,150145,140008,0
1477,61910,101074,0
1478,92331,91519,0
1479,33803,143919,0
1480,96212,86532,0
1481,12198,69060,0
1482,25758,3770,0
1483,10133,122635,0
1484,142313,152785,0
1485,51187,940,0
1486,89544,100240,0
1487,137197,89128,0
1488,6768,118353,0
1489,95234,110140,0
1490,130862,93159,0
1491,103869,80429,0
1492,102192,120296,0
1493,121273,102271,0
1494,79978,1644,0
1495,146360,97019,0
1496,22617,29290,0
1497,72060,91927,0
1498,58196,150470,0
1499,91825,118091,0
1500,115969,97892,0
1501,126339,154851,0
1502,138139,18181,0
1503,32486,102683,0
1504,29171,360,0
1505,26883,95179,0
1506,66096,74718,0
1507,124142,69552,0
1508,153171,59813,0
1509,7706,94774,0
1510,10348,38935,0
1511,113689,14876,0
1512,84637,42103,0
1513,97794,63689,0
1514,93936,58668,0
1515,51464,38238,0
1516,20435,133183,0
1517,151487,66286,0
1518,153338,32958,0
1519,13675,148887,0
1520,81047,39004,0
1521,108035,148572,0
1522,43310,84372,0
1523,16213,1085,0
1524,148727,75173,0
1525,95250,62267,0
1526,29535,119500,0
1527,125672,91866,0
1528,124098,132429,0
1529,35060,128735,0
1530,41557,13678,0
1531,33572,126014,0
1532,58814,64260,0
1533,73513,102787,0
1534,88431,79661,0
1535,2491,140833,0
1536,69790,54997,0
1537,49945,112649,0
1538,36940,32893,0
1539,147768,97583,0
1540,54156,101503,0
1541,139681,111063,0
1542,139306,56978,0
1543,36127,46955,0
1544,87977,115561,0
1545,55934,108219,0
1546,93458,99644,0
1547,7482,147606,0
1548,26326,134214,0
1549,32251,3641,0
1550,33969,130055,0
1551,108805,155053,0
1552,53550,149194,0
1553,62687,35108,0
1554,95974,81914,0
1555,2494,90520,0
1556,37794,147376,0
1557,28364,16775,0
1558,121461,49266,0
1559,35762,1219,0
1560,144421,81025,0
1561,132513,122942,0
1562,154358,86831,0
1563,109444,41427,0
1564,74569,70736,0
1565,4863,22640,0
1566,101966,68319,0
1567,59671,33903,0
1568,98397,1814,0
1569,128190,128986,0
1570,20808,103217,0
1571,71915,743,0
1572,39592,88089,0
1573,1390,101118,0
1574,124447,2310,0
1575,25046,58656,0
1576,76925,42655,0
1577,150819,137358,0
1578,115417,89153,0
1579,109312,132172,0
1580,150677,34521,0
1581,52420,144733,0
1582,100561,97239,0
1583,80436,43297,0
1584,943,39279,0
1585,60129,117091,0
1586,12664,47977,0
1587,131943,86688,0
1588,45046,59110,0
1589,65486,10301,0
1590,41443,29353,0
1591,117544,41870,0
1592,149282,8824,0
1593,132074,50303,0
1594,738,134030,0
1595,44960,24269,0
1596,23999,54049,0
1597,119439,59452,0
1598,84549,4747,0
1599,144371,67683,0
1600,73504,51734,0
1601,88561,75403,0
1602,95509,36142,0
1603,63851,98273,0
1604,132362,27953,0
1605,2391,43056,0
1606,110025,9465,0
1607,61825,124238,0
1608,150769,110635,0
1609,15118,68313,0
1610,90194,44909,0
1611,65666,140230,0
1612,4624,148375,0
1613,141381,88069,0
1614,112429,125635,0
1615,112905,62109,0
1616,19353,34529,0
1617,139000,90675,0
1618,106363,45494,0
1619,118458,104186,0
1620,84034,48842,0
1621,90919,7980,0
1622,114178,54764,0
1623,7087,108843,0
1624,133908,142232,0
1625,154553,102594,0
1626,107933,14188,0
1627,153756,48063,0
1628,59754,152315,0
1629,15409,110830,0
1630,44953,98400,0
1631,64481,51589,0
1632,85576,89061,0
1633,23014,13936,0
1634,22246,97939,0
1635,60428,17472,0
1636,27834,79597,0
1637,19294,73004,0
1638,132733,154675,0
1639,15501,113960,0
1640,120360,81440,0
1641,2704,126780,0
1642,61687,24287,0
1643,89296,6481,0
1644,122276,91287,0
1645,30731,79150,0
1646,80471,89696,0
1647,41276,65037,0
1648,137186,79443,0
1649,62360,122288,0
1650,107433,12050,0
1651,15154,125715,0
1652,58643,109654,0
1653,115302,119022,0
1654,85475,127010,0
1655,29180,103423,0
1656,142630,10213,0
1657,66183,127814,0
1658,148433,26092,0
1659,80972,92847,0
1660,114240,2324,0
1661,128811,66309,0
1662,94681,79643,0
1663,85377,92881,0
1664,49640,91042,0
1665,93937,125914,0
1666,91404,93802,0
1667,143678,1460,0
1668,121219,45303,0
1669,147271,16855,0
1670,147067,85023,0
1671,51979,109588,0
1672,19368,22622,0
1673,76694,4590,0
1674,105448,110234,0
1675,36001,29065,0
1676,147884,122879,0
1677,129514,30634,0
1678,34799,152078,0
1679,153409,132011,0
1680,14526,70787,0
1681,79121,3604,0
1682,118811,102845,0
1683,89466,151222,0
1684,140842,81993,0
1685,38112,19470,0
1686,8315,52567,0
1687,18604,154005,0
1688,141969,28181,0
1689,129347,53165,0
1690,83225,35888,0
1691,125615,143430,0
1692,99376,146396,0
1693,55044,63788,0
1694,26814,122874,0
1695,46121,15531,0
1696,133446,66503,0
1697,116139,135290,0
1698,98153,43641,0
1699,56109,69507,0
1700,44768,10360,0
1701,135129,100799,0
1702,101507,26242,0
1703,89277,7052,0
1704,118935,107300,0
1705,32296,43986,0
1706,134726,154714,0
1707,101185,118041,0
1708,124071,82899,0
1709,91222,97528,0
1710,115938,14854,0
1711,40882,30958,0
1712,130861,98303,0
1713,149226,99623,0
1714,41122,143480,0
1715,28655,67320,0
1716,87383,41082,0
1717,131344,62626,0
1718,62019,113985,0
1719,28483,29128,0
1720,90808,68583,0
1721,140546,111947,0
1722,81536,98571,0
1723,154527,35740,0
1724,68422,37107,0
1725,109058,5485,0
1726,139750,153935,0
1727,97683,105450,0
1728,85676,100366,0
1729,65291,52039,0
1730,90505,151163,0
1731,154984,2002,0
1732,50663,71629,0
1733,104843,141937,0
1734,128304,146463,0
1735,75047,44832,0
1736,150179,25556,0
1737,63558,39535,0
1738,76045,53082,0
1739,116850,118992,0
1740,133936,31425,0
1741,52504,82325,0
1742,61465,6319,0
1743,58919,108833,0
1744,102214,23378,0
1745,152197,113141,0
1746,37822,64125,0
1747,35227,75489,0
1748,56949,38849,0
1749,104773,75925,0
1750,132107,14778,0
1751,69992,142159,0
1752,112690,64550,0
1753,89298,95881,0
1754,4879,53647,0
1755,12021,19470,0
1756,131261,90746,0
1757,146425,92982,0
1758,57454,10921,0
1759,118695,16278,0
1760,122154,144057,0
1761,110544,52186,0
1762,98646,112357,0
1763,146855,147743,0
1764,35117,69760,0
1765,110841,138104,0
1766,103002,109038,0
1767,56541,46276,0
1768,93453,82629,0
1769,68579,12277,0
1770,104286,102978,0
1771,131720,71759,0
1772,65804,16777,0
1773,19081,126085,0
1774,76414,46581,0
1775,118133,81003,0
1776,132727,148793,0
1777,108830,97439,0
1778,150348,125790,0
1779,12884,86546,0
1780,78707,4924,0
1781,128455,108216,0
1782,140654,11664,0
1783,49257,82716,0
1784,135497,62381,0
1785,18424,31830,0
1786,61083,67490,0
1787,112939,37283,0
1788,51021,62535,0
1789,11322,109364,0
1790,73386,148786,0
1791,8694,149036,0
1792,45896,154575,0
1793,2630,148112,0
1794,95526,14635,0
1795,9750,109967,0
1796,36114,9919,0
1797,91600,116625,0
1798,140009,17852,0
1799,111264,71323,0
1800,112988,106357,0
1801,21446,151655,0
1802,70028,52891,0
1803,58436,144834,0
1804,68693,134463,0
1805,3161,125505,0
1806,41237,140301,0
1807,7133,118756,0
1808,12449,125176,0
1809,30493,139388,0
1810,10425,23530,0
1811,17,8166,0
1812,37541,70782,0
1813,84515,78395,0
1814,145393,19272,0
1815,91159,119081,0
1816,7188,84193,0
1817,34087,37694,0
1818,57866,4598,0
1819,153591,17457,0
1820,9912,24521,0
1821,141949,95403,0
1822,20129,111912,0
1823,133916,15210,0
1824,67160,147991,0
1825,23148,49070,0
1826,76415,22735,0
1827,120518,76800,0
1828,116974,137672,0
1829,34544,146875,0
1830,82200,142300,0
1831,10926,2610,0
1832,64690,87810,0
1833,18182,130376,0
1834,93999,60573,0
1835,96508,107451,0
1836,63727,58730,0
1837,8245,7036,0
1838,30338,89525,0
1839,41630,90812,0
1840,87301,125395,0
1841,93476,111059,0
1842,112120,93677,0
1843,154892,94139,0
1844,115023,69015,0
1845,53004,94270,0
1846,7581,76232,0
1847,125509,84360,0
1848,41018,114544,0
1849,369,146978,0
1850,28030,33206,0
1851,11071,53700,0
1852,61969,60346,0
1853,149060,72911,0
1854,144201,107608,0
1855,153951,31049,0
1856,143713,56423,0
1857,67388,107347,0
1858,144917,43748,0
1859,47009,32609,0
1860,6133,114560,0
1861,18150,123816,0
1862,154125,56502,0
1863,133342,152786,0
1864,21227,59633,0
1865,139355,107205,0
1866,100413,73958,0
1867,147462,81007,0
1868,37737,129315,0
1869,93849,92216,0
1870,147674,7606,0
1871,129652,61707,0
1872,40554,15782,0
1873,53948,151681,0
1874,47993,114213,0
1875,134479,130223,0
1876,44635,153243,0
1877,99681,133479,0
1878,99465,104531,0
1879,71079,100492,0
1880,101773,65481,0
1881,113174,4283,0
1882,104113,123771,0
1883,96816,7606,0
1884,78939,64008,0
1885,23816,41967,0
1886,97518,37443,0
1887,146330,118750,0
1888,84509,7477,0
1889,43148,119869,0
1890,29801,95392,0
1891,49712,115634,0
1892,96727,97202,0
1893,112012,62287,0
1894,63647,137268,0
1895,83158,138119,0
1896,45422,22644,0
1897,131860,148761,0
1898,47950,76338,0
1899,106297,20739,0
1900,68221,47402,0
1901,71725,104848,0
1902,146330,86085,0
1903,15150,149223,0
1904,42219,49861,0
1905,57626,130059,0
1906,122760,82703,0
1907,42809,108987,0
1908,146497,63113,0
1909,27402,151729,0
1910,44586,105241,0
1911,124226,71696,0
1912,19949,97894,0
1913,112283,56054,0
1914,34404,61528,0
1915,19348,17709,0
1916,21976,54135,0
1917,82571,50660,0
1918,129430,102786,0
1919,13348,60156,0
1920,108644,35318,0
1921,144519,86148,0
1922,122228,7993,0
1923,49749,137303,0
1924,39098,48946,0
1925,96500,139650,0
1926,132154,99817,0
1927,89667,32818,0
1928,91988,51655,0
1929,90756,122605,0
1930,20903,77913,0
1931,109522,145721,0
1932,37348,36435,0
1933,125894,112972,0
1934,89167,42306,0
1935,132240,56593,0
1936,129185,154594,0
1937,94559,83076,0
1938,27615,34899,0
1939,126023,129652,0
1940,117354,3680,0
1941,7488,120532,0
1942,39123,48092,0
1943,31161,148959,0
1944,152474,132523,0
1945,3463,8486,0
1946,9180,54515,0
1947,65377,4494,0
1948,65478,48769,0
1949,35255,95019,0
1950,17892,14417,0
1951,42613,32192,0
1952,89535,130307,0
1953,40024,129576,0
1954,119277,105105,0
1955,81138,148891,0
1956,129595,154064,0
1957,107198,49010,0
1958,12031,100006,0
1959,143546,106666,0
1960,90436,116999,0
1961,93290,15757,0
1962,44816,122763,0
1963,151774,150586,0
1964,15351,44486,0
1965,51471,136261,0
1966,141669,56105,0
1967,62307,66852,0
1968,148605,55406,0
1969,39904,144122,0
1970,6111,15442,0
1971,51980,119881,0
1972,141294,116996,0
1973,128284,79763,0
1974,56515,67464,0
1975,78480,64422,0
1976,135141,46182,0
1977,95786,17035,0
1978,18880,13952,0
1979,99407,72259,0
1980,11746,144909,0
1981,106689,84419,0
1982,137516,30742,0
1983,25046,23718,0
1984,36171,86677,0
1985,28624,121172,0
1986,113308,140970,0
1987,141033,114122,0
1988,90025,94083,0
1989,1472,89168,0
1990,44347,132696,0
1991,128965,88934,0
1992,136839,125392,0
1993,53589,19946,0
1994,121076,108362,0
1995,68070,112566,0
1996,66643,134015,0
1997,131784,117064,0
1998,121907,138253,0
1999,53494,25496,0
2000,89507,65337,0
2001,39895,28384,0
2002,75868,102045,0
2003,107705,11050,0
2004,107831,31070,0
2005,113992,142223,0
2006,52375,36696,0
2007,54604,103407,0
2008,124452,106341,0
2009,109537,154127,0
2010,4762,104211,0
2011,78497,65231,0
2012,41517,42287,0
2013,21578,128060,0
2014,45635,151124,0
2015,49480,95038,0
2016,93951,125828,0
2017,74782,83506,0
2018,77790,93887,0
2019,73123,121871,0
2020,96094,69954,0
2021,59796,115918,0
2022,54701,69682,0
2023,27004,74606,0
2024,122757,129081,0
2025,83717,34373,0
2026,134036,17387,0
2027,155199,14322,0
2028,17270,123398,0
2029,99876,115348,0
2030,134299,55066,0
2031,147118,31798,0
2032,88146,67581,0
2033,136417,106059,0
2034,20479,145825,0
2035,95873,112197,0
2036,24741,54530,0
2037,76803,90183,0
2038,83722,48709,0
2039,134988,42335,0
2040,135740,47560,0
2041,130901,85289,0
2042,89211,64188,0
2043,131367,76077,0
2044,78936,143513,0
2045,106383,55903,0
2046,143584,5566,0
2047,120626,26549,0
2048,58054,213,0
2049,2894,90528,0
2050,83773,153170,0
2051,110483,38107,0
2052,100892,14005,0
2053,93641,74218,0
2054,30619,121506,0
2055,69983,111751,0
2056,71770,107873,0
2057,110347,151938,0
2058,141323,100221,0
2059,78943,128461,0
2060,121116,136826,0
2061,42720,83759,0
2062,123599,3156,0
2063,77795,1603,0
2064,18016,87376,0
2065,57284,125536,0
2066,23999,65359,0
2067,130951,86270,0
2068,60428,62418,0
2069,47306,53823,0
2070,138069,99938,0
2071,69281,149295,0
2072,27266,94028,0
2073,44316,38110,0
2074,47305,8974,0
2075,109076,75232,0
2076,57169,114623,0
2077,117185,121645,0
2078,87620,82699,0
2079,4849,37636,0
2080,14251,142382,0
2081,109391,47529,0
2082,137,21028,0
2083,44621,42380,0
2084,104203,26333,0
2085,39814,132985,0
2086,143666,44682,0
2087,149261,117115,0
2088,136795,123240,0
2089,340,124438,0
2090,127961,31189,0
2091,94160,52546,0
2092,148942,147702,0
2093,37565,127933,0
2094,132370,112383,0
2095,127257,73664,0
2096,69793,66717,0
2097,21934,91105,0
2098,16956,87302,0
2099,64600,41296,0
2100,129160,97808,0
2101,41032,128160,0
2102,94324,76005,0
2103,145196,134995,0
2104,38147,1389,0
2105,17270,25883,0
2106,40701,74430,0
2107,91587,83751,0
2108,79557,135783,0
2109,149412,119645,0
2110,148472,83441,0
2111,68809,122550,0
2112,6350,23658,0
2113,135975,62652,0
2114,63213,50076,0
2115,64636,59559,0
2116,125788,91051,0
2117,94606,23703,0
2118,133693,129976,0
2119,147873,95493,0
2120,67676,75280,0
2121,126323,69647,0
2122,122299,133598,0
2123,36346,68316,0
2124,146505,67785,0
2125,21446,83652,0
2126,120429,92993,0
2127,27043,142954,0
2128,6847,153773,0
2129,59946,88815,0
2130,75198,65574,0
2131,150553,146222,0
2132,57260,1281,0
2133,6172,101435,0
2134,55401,73065,0
2135,66094,58543,0
2136,116823,149209,0
2137,130611,88843,0
2138,84875,11052,0
2139,100075,135278,0
2140,46170,154076,0
2141,102370,91131,0
2142,11115,7400,0
2143,74535,6117,0
2144,66988,132764,0
2145,81595,27280,0
2146,132437,21561,0
2147,138149,29211,0
2148,145325,133021,0
2149,76569,85260,0
2150,45917,51424,0
2151,47195,62595,0
2152,117321,128428,0
2153,36462,122455,0
2154,144865,126651,0
2155,96353,143158,0
2156,25781,7667,0
2157,6553,67298,0
2158,16783,92557,0
2159,64068,17447,0
2160,8267,91906,0
2161,42479,28955,0
2162,99960,117346,0
2163,139704,106565,0
2164,132088,100301,0
2165,81905,7458,0
2166,52283,63484,0
2167,57982,153892,0
2168,137673,22350,0
2169,6947,116034,0
2170,138581,78826,0
2171,77465,111029,0
2172,146247,41890,0
2173,129120,109393,0
2174,154632,140711,0
2175,95915,73370,0
2176,73896,20678,0
2177,37048,42343,0
2178,127520,95633,0
2179,11399,68283,0
2180,149567,54329,0
2181,130526,24689,0
2182,56077,141748,0
2183,18016,62757,0
2184,40334,63360,0
2185,74315,37393,0
2186,15409,17983,0
2187,149374,51417,0
2188,51206,102167,0
2189,48028,106328,0
2190,84038,147122,0
2191,34297,67336,0
2192,128090,145612,0
2193,153489,139446,0
2194,13216,12923,0
2195,95794,73258,0
2196,39246,28886,0
2197,103292,17497,0
2198,91259,117162,0
2199,55078,113341,0
2200,89224,107877,0
2201,24674,154795,0
2202,39360,70210,0
2203,124061,122486,0
2204,91582,86998,0
2205,70783,135242,0
2206,8692,13962,0
2207,12913,128986,0
2208,134657,154439,0
2209,104652,134015,0
2210,78435,4562,0
2211,77326,92797,0
2212,66616,65797,0
2213,23485,8748,0
2214,26875,71149,0
2215,150925,36129,0
2216,98697,77722,0
2217,127693,93200,0
2218,81282,28008,0
2219,134186,101673,0
2220,38364,20631,0
2221,17639,90433,0
2222,14669,82210,0
2223,123481,139987,0
2224,118055,57784,0
2225,25449,120805,0
2226,47803,5894,0
2227,25738,4640,0
2228,14155,109623,0
2229,89532,120861,0
2230,95934,114937,0
2231,128556,46901,0
2232,42251,128073,0
2233,154542,23758,0
2234,115641,139289,0
2235,74118,125023,0
2236,182,29959,0
2237,100076,107381,0
2238,82098,26018,0
2239,33389,145748,0
2240,98103,3361,0
2241,35985,61974,0
2242,15132,42744,0
2243,153542,138832,0
2244,13144,1977,0
2245,106791,39276,0
2246,45473,92925,0
2247,72926,84399,0
2248,29448,115952,0
2249,115400,146236,0
2250,96271,11079,0
2251,93852,25833,0
2252,29777,58683,0
2253,85422,136921,0
2254,82224,38693,0
2255,154981,32392,0
2256,46968,27564,0
2257,67163,142695,0
2258,109613,95739,0
2259,74472,45966,0
2260,57389,71016,0
2261,79286,111491,0
2262,2269,84730,0
2263,32441,56150,0
2264,81938,116250,0
2265,100562,145022,0
2266,66918,15391,0
2267,14515,73279,0
2268,151293,1640,0
2269,101462,14997,0
2270,46955,64649,0
2271,142910,52645,0
2272,154922,117610,0
2273,71204,45380,0
2274,66946,89527,0
2275,136356,2620,0
2276,67369,9077,0
2277,84579,136871,0
2278,112171,5704,0
2279,32824,109304,0
2280,44700,36594,0
2281,43903,100869,0
2282,152266,132704,0
2283,49947,80246,0
2284,58435,106078,0
2285,83216,79867,0
2286,47393,21047,0
2287,154984,8367,0
2288,149045,107734,0
2289,96832,46314,0
2290,126302,38803,0
2291,8121,2593,0
2292,40249,42908,0
2293,87577,117026,0
2294,155041,141212,0
2295,38864,48251,0
2296,81462,1099,0
2297,42819,147112,0
2298,65889,18596,0
2299,61948,49885,0
2300,142081,26414,0
2301,93475,44652,0
2302,111983,23509,0
2303,138380,46056,0
2304,51346,110951,0
2305,25982,120955,0
2306,154762,18782,0
2307,77029,55545,0
2308,115343,13030,0
2309,8196,18004,0
2310,77305,78790,0
2311,30974,99814,0
2312,37525,135400,0
2313,89390,32832,0
2314,136263,21873,0
2315,142345,144461,0
2316,120014,111294,0
2317,111249,19428,0
2318,66889,113955,0
2319,127887,19711,0
2320,50297,65735,0
2321,8260,81176,0
2322,112120,42694,0
2323,49348,984,0
2324,142114,62922,0
2325,114627,91823,0
2326,30320,138730,0
2327,29596,62481,0
2328,94347,103167,0
2329,74066,105547,0
2330,8612,70284,0
2331,40529,66890,0
2332,28971,7661,0
2333,64596,95350,0
2334,40878,45445,0
2335,9910,60036,0
2336,68376,103807,0
2337,2678,71813,0
2338,118392,70918,0
2339,105307,48257,0
2340,28819,75222,0
2341,136970,28435,0
2342,32711,69997,0
2343,73406,112982,0
2344,118954,30801,0
2345,94453,59336,0
2346,9400,84309,0
2347,38938,80528,0
2348,7238,17176,0
2349,97410,31045,0
2350,16139,123290,0
2351,32955,33482,0
2352,138596,123649,0
2353,25390,114535,0
2354,625,90920,0
2355,66313,1440,0
2356,141831,2746,0
2357,355,29004,0
2358,138681,129165,0
2359,119405,101820,0
2360,153050,96864,0
2361,41398,113046,0
2362,111159,141102,0
2363,17808,99144,0
2364,82407,85149,0
2365,56148,70070,0
2366,96230,26565,0
2367,44449,48496,0
2368,67161,39847,0
2369,98135,436,0
2370,64811,126044,0
2371,3583,77336,0
2372,92849,114489,0
2373,127084,115393,0
2374,112740,46862,0
2375,64289,128752,0
2376,2277,127538,0
2377,144059,16924,0
2378,102712,60637,0
2379,100847,123553,0
2380,106697,88991,0
2381,105355,93834,0
2382,103969,10923,0
2383,51310,39225,0
2384,124337,8747,0
2385,56358,80347,0
2386,344,27076,0
2387,28383,21637,0
2388,145759,106110,0
2389,9986,15401,0
2390,133576,57415,0
2391,112540,18125,0
2392,4517,35587,0
2393,98894,114489,0
2394,18725,69481,0
2395,148577,122222,0
2396,69448,23458,0
2397,100662,1505,0
2398,114300,12609,0
2399,143216,115217,0
2400,63141,48808,0
2401,84853,110336,0
2402,88776,153176,0
2403,74182,121394,0
2404,16199,48427,0
2405,63659,37585,0
2406,84083,46705,0
2407,64016,140913,0
2408,138846,25969,0
2409,21125,49780,0
2410,64600,209,0
2411,59009,140115,0
2412,58931,110627,0
2413,34944,8788,0
2414,110757,101840,0
2415,13048,65180,0
2416,124469,98631,0
2417,133295,42035,0
2418,136538,106633,0
2419,142129,118414,0
2420,111331,106116,0
2421,98599,100468,0
2422,105104,69886,0
2423,76398,44377,0
2424,72285,47652,0
2425,35582,88695,0
2426,60414,135034,0
2427,151462,33886,0
2428,108194,50584,0
2429,33863,47452,0
2430,67771,88009,0
2431,58054,99695,0
2432,591,53280,0
2433,68178,65679,0
2434,116554,55024,0
2435,20233,14884,0
2436,4218,83362,0
2437,27365,136163,0
2438,61079,35933,0
2439,52771,132497,0
2440,145282,126942,0
2441,29295,31318,0
2442,134256,55607,0
2443,88598,89891,0
2444,102913,147827,0
2445,96618,30700,0
2446,10357,20558,0
2447,3310,131719,0
2448,66325,44244,0
2449,71350,52778,0
2450,105255,5087,0
2451,97971,131488,0
2452,31236,55303,0
2453,86730,71024,0
2454,98389,85381,0
2455,92045,38816,0
2456,6099,134743,0
2457,121853,135095,0
2458,129462,39873,0
2459,30308,26370,0
2460,27323,25586,0
2461,34912,86348,0
2462,13328,2002,0
2463,27170,104864,0
2464,100980,122264,0
2465,61715,5287,0
2466,127417,83520,0
2467,45345,130433,0
2468,143365,74819,0
2469,57210,112700,0
2470,48650,125463,0
2471,17599,19130,0
2472,139710,121054,0
2473,142327,134159,0
2474,82482,61765,0
2475,101348,115493,0
2476,80819,66018,0
2477,18877,128458,0
2478,73163,33479,0
2479,90050,12580,0
2480,105592,116110,0
2481,137355,32053,0
2482,83920,23242,0
2483,116946,104351,0
2484,17106,37945,0
2485,6783,93794,0
2486,6910,106135,0
2487,24576,55340,0
2488,92719,75396,0
2489,84830,96131,0
2490,74503,19004,0
2491,83867,137709,0
2492,144944,30904,0
2493,17993,152526,0
2494,53135,39423,0
2495,131274,64863,0
2496,102465,48653,0
2497,144342,66713,0
2498,103078,106927,0
2499,20347,101388,0
2500,3684,131827,0
2501,79848,89126,0
2502,92152,30406,0
2503,133675,58820,0
2504,121751,45511,0
2505,91410,40675,0
2506,102166,151283,0
2507,52740,98480,0
2508,115670,90045,0
2509,133157,62663,0
2510,140585,78254,0
2511,17674,84333,0
2512,27772,72777,0
2513,55135,115916,0
2514,8905,39606,0
2515,122885,45931,0
2516,145201,68662,0
2517,260,138148,0
2518,112724,23781,0
2519,75926,128295,0
2520,103979,134082,0
2521,139502,66110,0
2522,121702,77981,0
2523,92156,57610,0
2524,126991,84803,0
2525,83091,19793,0
2526,96145,60304,0
2527,55194,88901,0
2528,119131,39171,0
2529,116917,120193,0
2530,89345,146935,0
2531,68993,91495,0
2532,154717,63717,0
2533,144922,49650,0
2534,89508,94431,0
2535,101347,56484,0
2536,150297,85139,0
2537,66447,127560,0
2538,26875,3456,0
2539,147942,29209,0
2540,128676,147957,0
2541,112425,97161,0
2542,48789,104207,0
2543,69578,68480,0
2544,59834,108827,0
2545,126527,109637,0
2546,22119,132764,0
2547,142401,151855,0
2548,21957,154580,0
2549,96271,125000,0
2550,89731,8219,0
2551,44705,149837,0
2552,142863,99082,0
2553,81141,4521,0
2554,60566,150111,0
2555,152919,95731,0
2556,87572,1979,0
2557,54772,141365,0
2558,87474,142769,0
2559,27098,89570,0
2560,135852,118129,0
2561,11742,84387,0
2562,107952,88215,0
2563,54255,130576,0
2564,90919,23978,0
2565,87179,109265,0
2566,38415,79313,0
2567,105717,138372,0
2568,84108,74656,0
2569,550,110766,0
2570,27392,143287,0
2571,18601,133737,0
2572,104014,119615,0
2573,116043,25279,0
2574,117901,30281,0
2575,100951,67895,0
2576,10358,39223,0
2577,102924,151365,0
2578,67416,23859,0
2579,9761,90113,0
2580,124132,130,0
2581,92910,115890,0
2582,38963,50214,0
2583,104364,59873,0
2584,22619,35607,0
2585,127360,125793,0
2586,116956,116720,0
2587,68171,99964,0
2588,99901,53289,0
2589,97322,95352,0
2590,144381,148455,0
2591,119639,11219,0
2592,97814,36030,0
2593,124159,90816,0
2594,28574,82198,0
2595,69306,10456,0
2596,69732,47314,0
2597,26732,74662,0
2598,35436,106774,0
2599,129852,8288,0
2600,124781,21186,0
2601,154835,108713,0
2602,128989,35429,0
2603,132175,77383,0
2604,136123,82436,0
2605,143269,24417,0
2606,46812,80887,0
2607,153282,29109,0
2608,4595,146881,0
2609,39872,106420,0
2610,52837,1132,0
2611,3582,46650,0
2612,94758,51301,0
2613,28897,1670,0
2614,66159,31561,0
2615,22703,126457,0
2616,114069,137813,0
2617,41276,48037,0
2618,114107,146398,0
2619,29162,147276,0
2620,3110,4802,0
2621,143544,151755,0
2622,74923,73384,0
2623,146826,22302,0
2624,99140,109078,0
2625,74221,66102,0
2626,62218,110397,0
2627,65291,102402,0
2628,52027,81016,0
2629,89336,103694,0
2630,15068,73945,0
2631,16570,8553,0
2632,64322,2003,0
2633,67627,91745,0
2634,87811,114881,0
2635,28484,42817,0
2636,109715,97237,0
2637,129559,18663,0
2638,102364,46738,0
2639,77582,41179,0
2640,77063,62660,0
2641,63579,57898,0
2642,98907,121160,0
2643,44029,36927,0
2644,93660,147970,0
2645,35494,148263,0
2646,76069,57441,0
2647,74386,113596,0
2648,11577,16609,0
2649,80517,737,0
2650,121154,62954,0
2651,92168,6114,0
2652,11911,39725,0
2653,78901,133432,0
2654,92558,131915,0
2655,36296,35605,0
2656,13944,34187,0
2657,115251,85502,0
2658,78665,23835,0
2659,49443,133903,0
2660,130258,88115,0
2661,116121,20798,0
2662,124891,47977,0
2663,129639,40031,0
2664,89251,153363,0
2665,60555,147928,0
2666,115964,133491,0
2667,79533,61256,0
2668,64380,37713,0
2669,57151,64775,0
2670,21569,147761,0
2671,106124,34309,0
2672,44479,24097,0
2673,82344,68508,0
2674,93345,30347,0
2675,87801,1316,0
2676,127289,92200,0
2677,6448,86830,0
2678,38196,34891,0
2679,84996,118068,0
2680,29572,105558,0
2681,105371,14480,0
2682,118642,40474,0
2683,1861,62533,0
2684,94911,152999,0
2685,29897,93750,0
2686,126983,60694,0
2687,112567,52904,0
2688,5903,38910,0
2689,12499,16220,0
2690,69889,99288,0
2691,120621,77806,0
2692,134449,46942,0
2693,114960,146090,0
2694,904,138258,0
2695,117624,86402,0
2696,30952,101410,0
2697,99437,103597,0
2698,70193,3601,0
2699,45429,5702,0
2700,121713,123986,0
2701,68243,76860,0
2702,7786,27399,0
2703,104201,80410,0
2704,36113,134214,0
2705,22033,143491,0
2706,97432,86558,0
2707,28971,2690,0
2708,85579,133074,0
2709,54128,119258,0
2710,77795,40255,0
2711,145466,23119,0
2712,28389,126947,0
2713,149719,99432,0
2714,94543,154333,0
2715,103354,107010,0
2716,37545,77485,0
2717,128391,10873,0
2718,21576,148641,0
2719,55777,86690,0
2720,85849,23690,0
2721,150463,115525,0
2722,35234,31530,0
2723,73908,107353,0
2724,128875,57938,0
2725,117351,77842,0
2726,6739,122057,0
2727,154306,12990,0
2728,77754,20957,0
2729,77563,113367,0
2730,44606,16301,0
2731,107825,102824,0
2732,119091,130677,0
2733,127587,22272,0
2734,96226,61764,0
2735,92732,981,0
2736,6829,129470,0
2737,78629,120547,0
2738,20371,8086,0
2739,52161,70948,0
2740,140293,104976,0
2741,82791,96218,0
2742,106007,736,0
2743,124232,49143,0
2744,137066,72155,0
2745,14572,31301,0
2746,55396,82009,0
2747,29036,100787,0
2748,154853,43171,0
2749,80544,150421,0
2750,89224,151386,0
2751,105893,30030,0
2752,48228,50834,0
2753,50036,150635,0
2754,141613,86571,0
2755,105582,12478,0
2756,12748,11514,0
2757,61619,97483,0
2758,109901,101501,0
2759,102569,124988,0
2760,50167,59625,0
2761,139192,143357,0
2762,136242,99518,0
2763,87592,36988,0
2764,79295,82102,0
2765,100381,94353,0
2766,117253,68844,0
2767,86781,87562,0
2768,67629,7811,0
2769,84795,95422,0
2770,124271,142942,0
2771,146304,123793,0
2772,114922,86014,0
2773,65033,149118,0
2774,128510,143607,0
2775,25265,112476,0
2776,82803,14632,0
2777,3977,148514,0
2778,136517,34862,0
2779,97318,39087,0
2780,106334,108396,0
2781,127654,59421,0
2782,90017,28094,0
2783,4631,1129,0
2784,13830,82966,0
2785,49115,7410,0
2786,20,133586,0
2787,154729,65272,0
2788,5624,123542,0
2789,91677,145166,0
2790,24075,148966,0
2791,120745,18105,0
2792,128361,94702,0
2793,69628,142127,0
2794,73792,149540,0
2795,147361,110588,0
2796,35637,155103,0
2797,65572,79150,0
2798,107504,76202,0
2799,65588,104288,0
2800,123133,64642,0
2801,81157,37773,0
2802,150801,60417,0
2803,113453,94877,0
2804,31665,82553,0
2805,152106,32386,0
2806,38342,151480,0
2807,82550,4151,0
2808,60583,62673,0
2809,18326,32267,0
2810,35733,12340,0
2811,41286,6749,0
2812,110804,84230,0
2813,13166,110775,0
2814,54669,46517,0
2815,10262,20714,0
2816,83012,72640,0
2817,60196,65032,0
2818,102302,80841,0
2819,5259,112928,0
2820,73985,18652,0
2821,118088,50627,0
2822,151418,51109,0
2823,152406,66119,0
2824,98390,150881,0
2825,25194,11796,0
2826,88831,121084,0
2827,7314,65917,0
2828,93128,80180,0
2829,73187,45588,0
2830,101438,145682,0
2831,97721,36506,0
2832,120200,35931,0
2833,114160,4380,0
2834,102534,109526,0
2835,36811,44821,0
2836,17822,82302,0
2837,85571,124062,0
2838,13307,61939,0
2839,56303,148823,0
2840,125737,81183,0
2841,95277,46043,0
2842,48844,66929,0
2843,137268,31668,0
2844,28551,105631,0
2845,46288,116218,0
2846,115309,88295,0
2847,35916,97928,0
2848,95135,104512,0
2849,95495,6891,0
2850,13273,139741,0
2851,23019,39267,0
2852,129657,125350,0
2853,71055,95964,0
2854,46558,15280,0
2855,134022,50543,0
2856,84125,154336,0
2857,130341,94367,0
2858,65980,4481,0
2859,37673,77861,0
2860,137941,96824,0
2861,48205,90773,0
2862,148665,80338,0
2863,81997,152602,0
2864,113808,29299,0
2865,118607,95707,0
2866,141168,144170,0
2867,152570,53485,0
2868,133367,89944,0
2869,44383,116096,0
2870,134989,88020,0
2871,56721,125593,0
2872,138569,94801,0
2873,69437,68799,0
2874,140398,106264,0
2875,40308,134755,0
2876,110022,17289,0
2877,119622,4888,0
2878,94503,54807,0
2879,36722,17931,0
2880,138895,116532,0
2881,111464,135093,0
2882,72332,10553,0
2883,70160,15565,0
2884,87777,8134,0
2885,131647,120570,0
2886,66666,111236,0
2887,49377,1140,0
2888,36056,51401,0
2889,31653,124384,0
2890,63168,95242,0
2891,106208,54250,0
2892,18111,119573,0
2893,50566,152290,0
2894,38282,126631,0
2895,69829,122671,0
2896,7984,91477,0
2897,86153,13676,0
2898,41639,69784,0
2899,84825,43882,0
2900,89057,124352,0
2901,59539,44129,0
2902,64650,51441,0
2903,7861,139868,0
2904,8334,77410,0
2905,111089,26997,0
2906,74455,141862,0
2907,79297,88348,0
2908,154458,1241,0
2909,87237,22962,0
2910,19823,11375,0
2911,14813,35700,0
2912,121095,83898,0
2913,65024,41337,0
2914,26734,51150,0
2915,46380,58858,0
2916,133943,66757,0
2917,45551,14442,0
2918,8702,40167,0
2919,76277,103717,0
2920,37509,56475,0
2921,88178,61740,0
2922,70494,92412,0
2923,112723,144177,0
2924,555,151249,0
2925,145599,22231,0
2926,130331,145521,0
2927,108044,86694,0
2928,114855,36878,0
2929,19283,123352,0
2930,56946,108134,0
2931,105668,98471,0
2932,103903,129507,0
2933,110984,28316,0
2934,34132,17312,0
2935,58436,109411,0
2936,120481,20628,0
2937,29296,83169,0
2938,130646,22536,0
2939,146996,87505,0
2940,1581,49273,0
2941,71414,94929,0
2942,53736,30195,0
2943,50475,11135,0
2944,126206,79987,0
2945,64052,70287,0
2946,120913,39915,0
2947,37040,17820,0
2948,128856,153709,0
2949,141685,141512,0
2950,8065,147470,0
2951,20490,142856,0
2952,43420,136890,0
2953,11770,57502,0
2954,98968,87285,0
2955,110294,21547,0
2956,127476,48514,0
2957,37317,139289,0
2958,43102,78995,0
2959,70327,62942,0
2960,88505,131966,0
2961,18786,85989,0
2962,17265,62898,0
2963,62159,124240,0
2964,126436,30795,0
2965,70494,436,0
2966,58208,86686,0
2967,57701,14025,0
2968,7398,123914,0
2969,3460,97406,0
2970,10846,62329,0
2971,68778,44622,0
2972,9677,152774,0
2973,65612,119664,0
2974,3779,9868,0
2975,28651,28437,0
2976,37845,39375,0
2977,136313,12113,0
2978,63539,150370,0
2979,81297,47945,0
2980,71844,128765,0
2981,91401,39742,0
2982,99708,133071,0
2983,75354,9213,0
2984,141423,127520,0
2985,53563,17680,0
2986,152851,92044,0
2987,22641,6038,0
2988,28693,106292,0
2989,18693,112514,0
2990,114872,109633,0
2991,76941,49846,0
2992,62362,13794,0
2993,128047,147934,0
2994,151620,1241,0
2995,93468,104435,0
2996,795,122801,0
2997,76069,101607,0
2998,100244,119041,0
2999,134211,48596,0
3000,65859,62260,0
3001,97098,121838,0
3002,20434,65165,0
3003,143361,6085,0
3004,91003,2403,0
3005,42896,40274,0
3006,82886,75722,0
3007,53353,118513,0
3008,15241,126320,0
3009,66882,100034,0
3010,71907,42943,0
3011,144129,149277,0
3012,65073,109910,0
3013,78938,125385,0
3014,109306,111527,0
3015,31290,73262,0
3016,54553,116542,0
3017,11254,141501,0
3018,90372,7000,0
3019,6367,75165,0
3020,53801,95863,0
3021,137198,68612,0
3022,28406,107068,0
3023,121945,111161,0
3024,14207,59508,0
3025,13380,82466,0
3026,135703,85072,0
3027,66160,19614,0
3028,46638,80125,0
3029,3627,83768,0
3030,112928,45663,0
3031,82866,2345,0
3032,45843,147139,0
3033,137053,87568,0
3034,53770,21705,0
3035,147752,47946,0
3036,126149,97456,0
3037,67582,64271,0
3038,32783,44720,0
3039,53709,131336,0
3040,107659,22255,0
3041,1861,148083,0
3042,8278,153153,0
3043,51541,135107,0
3044,29360,42463,0
3045,153564,37145,0
3046,4486,122447,0
3047,121966,6208,0
3048,114995,42563,0
3049,47496,140736,0
3050,137784,131106,0
3051,87173,99031,0
3052,16418,117176,0
3053,79648,32013,0
3054,11619,140437,0
3055,11302,120086,0
3056,93896,97725,0
3057,52849,28694,0
3058,30099,105347,0
3059,109751,151096,0
3060,56041,70571,0
3061,78197,20812,0
3062,106968,42612,0
3063,143754,27474,0
3064,76750,95950,0
3065,31760,87714,0
3066,103604,131253,0
3067,35126,109334,0
3068,2246,104770,0
3069,151522,31684,0
3070,80243,115498,0
3071,69459,4387,0
3072,142687,40870,0
3073,116324,123269,0
3074,4678,18994,0
3075,52058,56165,0
3076,95096,64669,0
3077,150183,85818,0
3078,74807,115783,0
3079,9803,118815,0
3080,33068,8144,0
3081,54258,88327,0
3082,11828,132762,0
3083,140581,65182,0
3084,63422,146517,0
3085,46724,154860,0
3086,17297,60704,0
3087,105777,146814,0
3088,28981,152801,0
3089,51259,131801,0
3090,40283,23130,0
3091,29887,77018,0
3092,122895,7660,0
3093,141349,104290,0
3094,86365,45241,0
3095,86096,16428,0
3096,19962,123332,0
3097,110294,89746,0
3098,76799,84686,0
3099,17100,74005,0
3100,58830,36505,0
3101,70333,134380,0
3102,3070,68156,0
3103,38305,136620,0
3104,19288,51905,0
3105,92685,61383,0
3106,10421,60752,0
3107,119866,85625,0
3108,6663,100670,0
3109,134975,116347,0
3110,22673,103628,0
3111,65631,63143,0
3112,31599,92905,0
3113,112790,103252,0
3114,39140,31022,0
3115,57631,137511,0
3116,60110,35417,0
3117,81389,62466,0
3118,65815,39932,0
3119,92438,4049,0
3120,15556,80585,0
3121,27665,49384,0
3122,38058,94770,0
3123,136514,46610,0
3124,91226,131401,0
3125,127483,115151,0
3126,80523,22887,0
3127,109006,94396,0
3128,77135,85465,0
3129,55432,63517,0
3130,108020,144093,0
3131,27654,150810,0
3132,75907,135995,0
3133,36135,36796,0
3134,146065,78496,0
3135,87932,127220,0
3136,66682,88109,0
3137,34175,140784,0
3138,126310,132491,0
3139,143609,39133,0
3140,75728,114813,0
3141,54200,97656,0
3142,144000,8144,0
3143,10268,121789,0
3144,105866,102276,0
3145,92242,48086,0
3146,113086,141509,0
3147,109873,31162,0
3148,142324,95073,0
3149,54038,92094,0
3150,10906,89185,0
3151,151289,151738,0
3152,38456,36238,0
3153,38033,14266,0
3154,38454,96505,0
3155,79260,56377,0
3156,21316,120203,0
3157,58325,83460,0
3158,113364,138200,0
3159,102801,54307,0
3160,94322,28884,0
3161,153903,100054,0
3162,79942,2164,0
3163,28660,16990,0
3164,104212,21030,0
3165,76953,135347,0
3166,132611,35982,0
3167,97373,36370,0
3168,80243,59980,0
3169,138034,77844,0
3170,10355,152284,0
3171,24795,5387,0
3172,53361,32914,0
3173,120150,32837,0
3174,152606,103824,0
3175,111905,145484,0
3176,123397,114108,0
3177,86628,1821,0
3178,17311,76465,0
3179,4660,11780,0
3180,107828,103871,0
3181,87477,45906,0
3182,33267,131127,0
3183,138519,129915,0
3184,99685,147519,0
3185,30360,8322,0
3186,91834,55773,0
3187,46113,121638,0
3188,11958,148994,0
3189,35538,52865,0
3190,141801,20813,0
3191,47126,125439,0
3192,74559,49046,0
3193,42374,67875,0
3194,10558,113181,0
3195,5288,101289,0
3196,31085,151732,0
3197,97390,24167,0
3198,30723,76022,0
3199,48018,28530,0
3200,20995,121431,0
3201,151800,145460,0
3202,101130,129193,0
3203,56618,90504,0
3204,47848,71562,0
3205,59516,33343,0
3206,55144,147539,0
3207,4165,86692,0
3208,19629,150631,0
3209,51700,89459,0
3210,6347,117197,0
3211,2849,144222,0
3212,7129,37264,0
3213,152342,32069,0
3214,1061,76616,0
3215,54105,96025,0
3216,32848,131513,0
3217,145621,105738,0
3218,47343,10662,0
3219,41453,101527,0
3220,129651,150708,0
3221,38376,127575,0
3222,87021,99078,0
3223,22259,29298,0
3224,50293,69086,0
3225,14051,116122,0
3226,13212,31354,0
3227,28397,43136,0
3228,71839,96249,0
3229,57749,129490,0
3230,145498,11304,0
3231,73824,9811,0
3232,130025,107759,0
3233,68272,67238,0
3234,120672,12854,0
3235,65352,69807,0
3236,54963,14098,0
3237,145222,147150,0
3238,108030,126799,0
3239,44311,145612,0
3240,12385,91866,0
3241,116981,22547,0
3242,139421,77274,0
3243,106819,111028,0
3244,106773,35787,0
3245,46912,6407,0
3246,87384,66979,0
3247,119463,2679,0
3248,81709,133353,0
3249,89823,26875,0
3250,97461,94967,0
3251,70774,114707,0
3252,52163,144473,0
3253,131409,12874,0
3254,154224,39870,0
3255,87275,154962,0
3256,40151,25057,0
3257,28853,125579,0
3258,39248,94039,0
3259,12877,154867,0
3260,39683,37592,0
3261,7018,28936,0
3262,40345,14194,0
3263,90375,102636,0
3264,9455,69554,0
3265,15017,140356,0
3266,59106,101354,0
3267,93563,146006,0
3268,86517,2922,0
3269,119599,141521,0
3270,78201,153238,0
3271,99226,91273,0
3272,133820,123917,0
3273,139020,3692,0
3274,33029,13477,0
3275,74543,147653,0
3276,120028,26220,0
3277,79004,77740,0
3278,127257,130165,0
3279,63819,154732,0
3280,28089,112837,0
3281,117994,5449,0
3282,48363,103619,0
3283,11407,35869,0
3284,133617,34115,0
3285,10677,8123,0
3286,138894,138623,0
3287,50374,95732,0
3288,111075,24216,0
3289,84497,89039,0
3290,53728,64688,0
3291,101206,78039,0
3292,16421,73306,0
3293,142583,121420,0
3294,5288,98461,0
3295,54461,149834,0
3296,120340,98609,0
3297,109590,56412,0
3298,130122,153424,0
3299,113925,109098,0
3300,152155,155057,0
3301,153675,72566,0
3302,60600,127564,0
3303,77622,4989,0
3304,115086,82319,0
3305,139847,149741,0
3306,68853,93683,0
3307,58208,84302,0
3308,26310,21883,0
3309,59553,137723,0
3310,126319,99514,0
3311,5554,72013,0
3312,124063,120605,0
3313,13295,23558,0
3314,87365,84426,0
3315,23374,66974,0
3316,47775,96128,0
3317,109390,45584,0
3318,86249,89206,0
3319,18738,108402,0
3320,74685,126759,0
3321,29831,78860,0
3322,79105,51449,0
3323,110732,73962,0
3324,62360,43117,0
3325,23708,68697,0
3326,28095,54624,0
3327,88406,75891,0
3328,116809,141035,0
3329,151404,43799,0
3330,51501,48876,0
3331,67575,38068,0
3332,79754,35893,0
3333,112262,57952,0
3334,39816,122027,0
3335,84130,27542,0
3336,35881,88165,0
3337,7689,144361,0
3338,22953,150731,0
3339,26266,144795,0
3340,38851,145396,0
3341,50933,23654,0
3342,119705,82397,0
3343,92778,132472,0
3344,7539,112011,0
3345,121954,73751,0
3346,92472,139503,0
3347,69564,44005,0
3348,52472,154459,0
3349,87685,150178,0
3350,88332,92733,0
3351,91313,83706,0
3352,119272,138566,0
3353,140748,66632,0
3354,68021,53784,0
3355,672,79285,0
3356,144216,43741,0
3357,88658,33004,0
3358,123294,29673,0
3359,7295,150343,0
3360,45127,39549,0
3361,138965,141172,0
3362,91116,514,0
3363,47313,38195,0
3364,136635,120678,0
3365,78977,17077,0
3366,7991,98295,0
3367,107988,111441,0
3368,109464,58349,0
3369,108637,91061,0
3370,67322,132625,0
3371,28708,50368,0
3372,96711,56301,0
3373,26655,73336,0
3374,82012,121697,0
3375,70010,134134,0
3376,48114,72727,0
3377,778,26694,0
3378,10883,97813,0
3379,74900,79625,0
3380,138958,33746,0
3381,137773,135349,0
3382,66198,143133,0
3383,130202,36369,0
3384,85318,45458,0
3385,97455,11771,0
3386,45464,35672,0
3387,74113,53189,0
3388,20752,7323,0
3389,30328,68480,0
3390,39117,99312,0
3391,109960,113052,0
3392,44587,97773,0
3393,26483,152214,0
3394,33395,41912,0
3395,11890,18175,0
3396,154434,122587,0
3397,48662,4735,0
3398,150192,29665,0
3399,100475,63516,0
3400,12803,147799,0
3401,142134,65397,0
3402,28650,124819,0
3403,118124,8287,0
3404,107445,44108,0
3405,19291,53582,0
3406,31424,122233,0
3407,44926,69596,0
3408,15574,48405,0
3409,151421,115386,0
3410,23845,66057,0
3411,95842,143115,0
3412,16820,101227,0
3413,101319,80812,0
3414,30737,74772,0
3415,58224,47164,0
3416,3691,74483,0
3417,103107,130005,0
3418,75787,124982,0
3419,23545,54293,0
3420,130426,96682,0
3421,102913,29861,0
3422,54494,66283,0
3423,87667,148540,0
3424,135470,142701,0
3425,87983,84326,0
3426,83141,82661,0
3427,30962,75496,0
3428,20321,41944,0
3429,115783,153462,0
3430,70378,71473,0
3431,129797,43237,0
3432,145308,70171,0
3433,149565,36486,0
3434,91221,28412,0
3435,91984,3121,0
3436,88173,143883,0
3437,77225,145397,0
3438,121237,110271,0
3439,111714,61621,0
3440,81402,13848,0
3441,13536,140884,0
3442,145928,6218,0
3443,88205,88483,0
3444,83981,19053,0
3445,150400,124021,0
3446,1701,103142,0
3447,12305,147675,0
3448,48570,109972,0
3449,124772,45649,0
3450,54734,147179,0
3451,72788,150058,0
3452,33819,68480,0
3453,55320,152504,0
3454,128373,98221,0
3455,4939,66662,0
3456,146749,38257,0
3457,75657,60311,0
3458,25327,123961,0
3459,100166,74218,0
3460,15238,74407,0
3461,151732,103723,0
3462,135860,43681,0
3463,138612,114150,0
3464,7022,117158,0
3465,306,27161,0
3466,87520,56599,0
3467,119415,93295,0
3468,140214,11067,0
3469,21879,13950,0
3470,38116,122371,0
3471,9369,74255,0
3472,27718,151192,0
3473,23482,95144,0
3474,88961,75594,0
3475,99094,21861,0
3476,88774,142232,0
3477,133754,117005,0
3478,6329,99825,0
3479,25558,145517,0
3480,101291,59404,0
3481,151754,106942,0
3482,50374,144264,0
3483,45673,57992,0
3484,14720,83351,0
3485,97764,75987,0
3486,62369,26045,0
3487,71143,111340,0
3488,45993,83117,0
3489,119906,32651,0
3490,85952,35581,0
3491,148557,103607,0
3492,37027,108404,0
3493,64356,129128,0
3494,102172,29057,0
3495,77589,83203,0
3496,130314,135880,0
3497,112317,53273,0
3498,83054,46254,0
3499,6102,78709,0
3500,22724,102424,0
3501,139856,13939,0
3502,2272,140165,0
3503,141349,123436,0
3504,143468,28024,0
3505,46150,125561,0
3506,3633,109619,0
3507,59334,126845,0
3508,135530,33285,0
3509,151289,4235,0
3510,128696,93165,0
3511,145699,149243,0
3512,94572,74344,0
3513,38054,102381,0
3514,122051,57641,0
3515,151317,95185,0
3516,32042,16267,0
3517,68228,43753,0
3518,145622,102375,0
3519,96721,108191,0
3520,135094,104211,0
3521,115321,50516,0
3522,10649,15210,0
3523,96276,67956,0
3524,97216,113517,0
3525,52646,133770,0
3526,152286,65667,0
3527,31951,71272,0
3528,135874,34567,0
3529,84163,142322,0
3530,103878,41670,0
3531,67951,133160,0
3532,125911,19023,0
3533,101458,60596,0
3534,91195,153021,0
3535,131301,31309,0
3536,89336,120878,0
3537,57092,15721,0
3538,129847,123165,0
3539,35349,28464,0
3540,20845,8515,0
3541,115821,148458,0
3542,43647,147209,0
3543,137894,95363,0
3544,143521,59344,0
3545,112248,120143,0
3546,16058,31711,0
3547,23224,150707,0
3548,85902,38421,0
3549,36514,41960,0
3550,1398,135212,0
3551,57633,3676,0
3552,56291,46036,0
3553,63842,89158,0
3554,24905,112920,0
3555,50351,62515,0
3556,89442,19894,0
3557,33699,89720,0
3558,132497,97722,0
3559,39913,128844,0
3560,66530,44395,0
3561,144647,60524,0
3562,147386,136001,0
3563,13624,120058,0
3564,120834,143897,0
3565,82694,149164,0
3566,83413,104329,0
3567,61553,98131,0
3568,26493,120860,0
3569,85006,132704,0
3570,140631,2212,0
3571,110,37101,0
3572,53686,38382,0
3573,134675,72949,0
3574,14464,138046,0
3575,86509,49550,0
3576,51873,97488,0
3577,20687,153101,0
3578,2287,96602,0
3579,45537,61545,0
3580,153795,83740,0
3581,12867,107759,0
3582,30565,62719,0
3583,140438,98857,0
3584,109649,148402,0
3585,141620,40169,0
3586,33149,79301,0
3587,40560,136599,0
3588,47514,96381,0
3589,66083,30211,0
3590,96879,49561,0
3591,66100,70984,0
3592,148707,81100,0
3593,5222,141621,0
3594,55503,41215,0
3595,80291,141932,0
3596,145868,126136,0
3597,143497,89350,0
3598,13658,129975,0
3599,34031,28297,0
3600,52119,134042,0
3601,78680,69063,0
3602,64284,72984,0
3603,2237,31326,0
3604,110559,74716,0
3605,40631,56999,0
3606,36930,92219,0
3607,127519,65751,0
3608,137914,31219,0
3609,111382,42480,0
3610,59603,17485,0
3611,12861,71354,0
3612,1595,24491,0
3613,123591,140961,0
3614,120898,116944,0
3615,131893,25608,0
3616,130655,138301,0
3617,39505,62094,0
3618,148119,79850,0
3619,15497,25473,0
3620,116581,72816,0
3621,41136,63831,0
3622,47323,61250,0
3623,71911,79603,0
3624,110822,27575,0
3625,134171,42514,0
3626,45023,124126,0
3627,38381,11067,0
3628,136938,49704,0
3629,140700,61983,0
3630,65463,143766,0
3631,34218,111964,0
3632,105790,92938,0
3633,108446,49924,0
3634,61676,22438,0
3635,40482,39635,0
3636,138976,22177,0
3637,281,111410,0
3638,39062,14661,0
3639,62370,15129,0
3640,101300,65097,0
3641,27230,57687,0
3642,144030,89065,0
3643,153325,62741,0
3644,20725,40374,0
3645,47405,95400,0
3646,24507,61201,0
3647,41629,84855,0
3648,10235,152280,0
3649,115159,143327,0
3650,65399,77838,0
3651,51573,4186,0
3652,40033,136988,0
3653,47916,130740,0
3654,91722,70790,0
3655,20464,54855,0
3656,62149,49294,0
3657,109194,27864,0
3658,111132,44312,0
3659,137025,74016,0
3660,150202,58926,0
3661,89521,1293,0
3662,119200,131459,0
3663,32402,141196,0
3664,42370,38512,0
3665,108843,13763,0
3666,54394,139552,0
3667,73477,51941,0
3668,126220,88954,0
3669,10519,66528,0
3670,110180,69652,0
3671,49987,65153,0
3672,59017,110536,0
3673,72591,48113,0
3674,46088,15201,0
3675,79796,5081,0
3676,95973,102688,0
3677,26660,54282,0
3678,1983,25486,0
3679,88235,139084,0
3680,120600,119919,0
3681,39845,120923,0
3682,87747,149334,0
3683,28465,117030,0
3684,47603,96915,0
3685,144352,136792,0
3686,79434,20932,0
3687,44377,136844,0
3688,10470,131416,0
3689,95294,105253,0
3690,18568,153330,0
3691,51648,112751,0
3692,144063,87907,0
3693,127897,39902,0
3694,29897,140272,0
3695,80084,149507,0
3696,60684,92708,0
3697,114207,94200,0
3698,51839,100401,0
3699,36051,12424,0
3700,82534,118004,0
3701,4496,98750,0
3702,115820,100488,0
3703,6128,83355,0
3704,33407,91683,0
3705,19267,121727,0
3706,95645,121243,0
3707,14405,99076,0
3708,155085,1285,0
3709,58630,53406,0
3710,62704,129477,0
3711,34502,57951,0
3712,69134,112140,0
3713,60855,40373,0
3714,50372,16125,0
3715,115181,81756,0
3716,70090,81729,0
3717,98364,106535,0
3718,101271,38930,0
3719,66595,63369,0
3720,10099,87636,0
3721,28823,52058,0
3722,123891,136201,0
3723,15681,74196,0
3724,135787,61813,0
3725,73234,59833,0
3726,120360,18749,0
3727,126137,56912,0
3728,72420,26515,0
3729,39523,152742,0
3730,73935,94039,0
3731,64999,92296,0
3732,127473,16810,0
3733,130946,37819,0
3734,99646,117171,0
3735,84543,80693,0
3736,34438,49713,0
3737,35998,95518,0
3738,19898,88267,0
3739,39858,85845,0
3740,123807,8258,0
3741,123046,58785,0
3742,128851,95019,0
3743,84023,56129,0
3744,98166,40319,0
3745,125430,119801,0
3746,75890,87376,0
3747,116218,886,0
3748,99465,37252,0
3749,9896,70071,0
3750,65220,115921,0
3751,70544,32517,0
3752,143819,101305,0
3753,135536,94549,0
3754,61450,63031,0
3755,126043,44792,0
3756,99682,154467,0
3757,154824,112830,0
3758,31472,58076,0
3759,74818,114926,0
3760,114221,45292,0
3761,136074,146536,0
3762,12423,42682,0
3763,88326,89998,0
3764,41628,98351,0
3765,116139,15990,0
3766,3747,70675,0
3767,127014,90648,0
3768,150436,1246,0
3769,79845,137191,0
3770,145927,121996,0
3771,101666,62671,0
3772,91478,96306,0
3773,131616,413,0
3774,99900,148897,0
3775,75993,150431,0
3776,85932,118353,0
3777,128495,35478,0
3778,88389,77274,0
3779,53006,120581,0
3780,59506,137098,0
3781,936,106331,0
3782,142492,129629,0
3783,111324,20541,0
3784,53223,115993,0
3785,131457,92456,0
3786,92414,129634,0
3787,135477,17251,0
3788,110459,86436,0
3789,81447,5384,0
3790,128676,58679,0
3791,5971,119088,0
3792,131462,142667,0
3793,21983,115127,0
3794,51661,49252,0
3795,122467,34759,0
3796,22801,23939,0
3797,147643,23368,0
3798,48910,124854,0
3799,100679,130757,0
3800,117410,68006,0
3801,24767,101587,0
3802,128070,21403,0
3803,36391,98734,0
3804,16840,117226,0
3805,93468,70050,0
3806,151402,126252,0
3807,34982,33193,0
